X	Y	LAB E 225
0.0202	0.0202	100.0000
0.0202	0.0606	107.5027
0.0202	0.1010	114.7391
0.0202	0.1414	121.4523
0.0202	0.1818	127.4040
0.0202	0.2222	132.3830
0.0202	0.2626	136.2124
0.0202	0.3030	138.7565
0.0202	0.3434	139.9248
0.0202	0.3838	139.6760
0.0202	0.4242	138.0188
0.0202	0.4646	135.0120
0.0202	0.5051	130.7624
0.0202	0.5455	125.4209
0.0202	0.5859	119.1770
0.0606	0.0202	107.5027
0.0606	0.0606	115.0054
0.0606	0.1010	122.2418
0.0606	0.1414	128.9550
0.0606	0.1818	134.9067
0.0606	0.2222	139.8857
0.0606	0.2626	143.7151
0.0606	0.3030	146.2592
0.0606	0.3434	147.4275
0.0606	0.3838	147.1787
0.0606	0.4242	145.5215
0.0606	0.4646	142.5147
0.0606	0.5051	138.2651
0.0606	0.5455	132.9236
0.0606	0.5859	126.6797
0.1010	0.0202	114.7391
0.1010	0.0606	122.2418
0.1010	0.1010	129.4782
0.1010	0.1414	136.1914
0.1010	0.1818	142.1431
0.1010	0.2222	147.1220
0.1010	0.2626	150.9515
0.1010	0.3030	153.4956
0.1010	0.3434	154.6639
0.1010	0.3838	154.4151
0.1010	0.4242	152.7578
0.1010	0.4646	149.7511
0.1010	0.5051	145.5015
0.1010	0.5455	140.1600
0.1010	0.5859	133.9161
0.1414	0.0202	121.4523
0.1414	0.0606	128.9550
0.1414	0.1010	136.1914
0.1414	0.1414	142.9046
0.1414	0.1818	148.8563
0.1414	0.2222	153.8352
0.1414	0.2626	157.6647
0.1414	0.3030	160.2088
0.1414	0.3434	161.3771
0.1414	0.3838	161.1283
0.1414	0.4242	159.4710
0.1414	0.4646	156.4643
0.1414	0.5051	152.2147
0.1414	0.5455	146.8732
0.1414	0.5859	140.6293
0.1818	0.0202	127.4040
0.1818	0.0606	134.9067
0.1818	0.1010	142.1431
0.1818	0.1414	148.8563
0.1818	0.1818	154.8080
0.1818	0.2222	159.7870
0.1818	0.2626	163.6164
0.1818	0.3030	166.1605
0.1818	0.3434	167.3288
0.1818	0.3838	167.0800
0.1818	0.4242	165.4227
0.1818	0.4646	162.4160
0.1818	0.5051	158.1664
0.1818	0.5455	152.8249
0.1818	0.5859	146.5810
0.2222	0.0202	132.3830
0.2222	0.0606	139.8857
0.2222	0.1010	147.1220
0.2222	0.1414	153.8352
0.2222	0.1818	159.7870
0.2222	0.2222	164.7659
0.2222	0.2626	168.5954
0.2222	0.3030	171.1395
0.2222	0.3434	172.3078
0.2222	0.3838	172.0589
0.2222	0.4242	170.4017
0.2222	0.4646	167.3950
0.2222	0.5051	163.1454
0.2222	0.5455	157.8039
0.2222	0.5859	151.5600
0.2626	0.0202	136.2124
0.2626	0.0606	143.7151
0.2626	0.1010	150.9515
0.2626	0.1414	157.6647
0.2626	0.1818	163.6164
0.2626	0.2222	168.5954
0.2626	0.2626	172.4249
0.2626	0.3030	174.9689
0.2626	0.3434	176.1373
0.2626	0.3838	175.8884
0.2626	0.4242	174.2312
0.2626	0.4646	171.2244
0.2626	0.5051	166.9749
0.2626	0.5455	161.6333
0.2626	0.5859	155.3895
0.3030	0.0202	138.7565
0.3030	0.0606	146.2592
0.3030	0.1010	153.4956
0.3030	0.1414	160.2088
0.3030	0.1818	166.1605
0.3030	0.2222	171.1395
0.3030	0.2626	174.9689
0.3030	0.3030	177.5130
0.3030	0.3434	178.6813
0.3030	0.3838	178.4325
0.3030	0.4242	176.7752
0.3030	0.4646	173.7685
0.3030	0.5051	169.5189
0.3030	0.5455	164.1774
0.3030	0.5859	157.9335
0.3434	0.0202	139.9248
0.3434	0.0606	147.4275
0.3434	0.1010	154.6639
0.3434	0.1414	161.3771
0.3434	0.1818	167.3288
0.3434	0.2222	172.3078
0.3434	0.2626	176.1373
0.3434	0.3030	178.6813
0.3434	0.3434	179.8497
0.3434	0.3838	179.6008
0.3434	0.4242	177.9436
0.3434	0.4646	174.9368
0.3434	0.5051	170.6873
0.3434	0.5455	165.3457
0.3434	0.5859	159.1019
0.3838	0.0202	139.6760
0.3838	0.0606	147.1787
0.3838	0.1010	154.4151
0.3838	0.1414	161.1283
0.3838	0.1818	167.0800
0.3838	0.2222	172.0589
0.3838	0.2626	175.8884
0.3838	0.3030	178.4325
0.3838	0.3434	179.6008
0.3838	0.3838	179.3519
0.3838	0.4242	177.6947
0.3838	0.4646	174.6880
0.3838	0.5051	170.4384
0.3838	0.5455	165.0969
0.3838	0.5859	158.8530
0.4242	0.0202	138.0188
0.4242	0.0606	145.5215
0.4242	0.1010	152.7578
0.4242	0.1414	159.4710
0.4242	0.1818	165.4227
0.4242	0.2222	170.4017
0.4242	0.2626	174.2312
0.4242	0.3030	176.7752
0.4242	0.3434	177.9436
0.4242	0.3838	177.6947
0.4242	0.4242	176.0375
0.4242	0.4646	173.0307
0.4242	0.5051	168.7812
0.4242	0.5455	163.4397
0.4242	0.5859	157.1958
0.4646	0.0202	135.0120
0.4646	0.0606	142.5147
0.4646	0.1010	149.7511
0.4646	0.1414	156.4643
0.4646	0.1818	162.4160
0.4646	0.2222	167.3950
0.4646	0.2626	171.2244
0.4646	0.3030	173.7685
0.4646	0.3434	174.9368
0.4646	0.3838	174.6880
0.4646	0.4242	173.0307
0.4646	0.4646	170.0240
0.4646	0.5051	165.7744
0.4646	0.5455	160.4329
0.4646	0.5859	154.1890
0.5051	0.0202	130.7624
0.5051	0.0606	138.2651
0.5051	0.1010	145.5015
0.5051	0.1414	152.2147
0.5051	0.1818	158.1664
0.5051	0.2222	163.1454
0.5051	0.2626	166.9749
0.5051	0.3030	169.5189
0.5051	0.3434	170.6873
0.5051	0.3838	170.4384
0.5051	0.4242	168.7812
0.5051	0.4646	165.7744
0.5051	0.5051	161.5249
0.5051	0.5455	156.1833
0.5051	0.5859	149.9395
0.5455	0.0202	125.4209
0.5455	0.0606	132.9236
0.5455	0.1010	140.1600
0.5455	0.1414	146.8732
0.5455	0.1818	152.8249
0.5455	0.2222	157.8039
0.5455	0.2626	161.6333
0.5455	0.3030	164.1774
0.5455	0.3434	165.3457
0.5455	0.3838	165.0969
0.5455	0.4242	163.4397
0.5455	0.4646	160.4329
0.5455	0.5051	156.1833
0.5455	0.5455	150.8418
0.5455	0.5859	144.5979
0.5859	0.0202	119.1770
0.5859	0.0606	126.6797
0.5859	0.1010	133.9161
0.5859	0.1414	140.6293
0.5859	0.1818	146.5810
0.5859	0.2222	151.5600
0.5859	0.2626	155.3895
0.5859	0.3030	157.9335
0.5859	0.3434	159.1019
0.5859	0.3838	158.8530
0.5859	0.4242	157.1958
0.5859	0.4646	154.1890
0.5859	0.5051	149.9395
0.5859	0.5455	144.5979
0.5859	0.5859	138.3540